# дюрю
05.11.2025 19:05:33 - 07:05 - 19:05
# пюглеп_яерйх


# нярюкняэ_пюдюпнб

# якнфмнярэ

# яерйю_хцпнйю
1 1 1 1 0 0 0 1 0 0 
0 0 0 3 4 0 0 1 0 0 
0 0 0 0 0 0 3 0 0 0 
0 0 0 0 0 0 0 0 1 0 
2 0 0 4 0 0 0 0 0 0 
1 0 0 0 1 0 0 0 0 0 
1 0 0 0 0 0 0 0 0 0 
3 0 0 0 1 0 1 0 0 0 
2 3 0 0 0 0 0 0 0 0 
2 3 0 0 1 1 1 0 1 1 
# яерйю_опнрхбмхйю
0 1 1 1 0 0 3 2 0 0 
0 0 0 0 0 0 0 2 0 3 
1 0 0 0 0 0 0 2 0 2 
1 0 0 0 0 0 0 3 0 2 
1 0 0 0 0 1 0 0 0 3 
1 0 1 0 0 0 0 0 0 0 
0 0 0 0 0 4 0 0 0 0 
0 0 0 1 0 0 0 0 1 0 
0 0 0 0 0 0 4 0 0 0 
1 1 0 0 0 1 1 0 0 0 
